0.99993 -5.42101e-20 -0.0118355 0 0.000344481 0.999576 0.0291036 0 0.0118305 -0.0291057 0.999506 0 
0.99993 -0.000296326 -0.0118298 -0.00510714 0.000639695 0.999578 0.0290325 0.00516088 0.0118162 -0.029038 0.999508 0.00238498 
0.999933 0.000194443 -0.01161 -0.00322867 0.000146105 0.99957 0.0293242 0.0121353 0.0116107 -0.0293239 0.999502 0.00338192 
0.999929 -0.00125102 -0.0118707 0.000511826 0.0015987 0.999569 0.0293254 0.000194006 0.0118289 -0.0293423 0.999499 0.00233882 
0.999929 -0.000673945 -0.0118864 -0.00291258 0.00101364 0.999591 0.0285956 0.004268 0.0118622 -0.0286056 0.99952 -7.81392e-05 
0.999936 0.00159631 -0.0111779 0.0249044 -0.00126218 0.999554 0.0298351 0.0115734 0.0112206 -0.0298191 0.999492 0.00332687 
0.999942 0.00455311 -0.00977524 0.115167 -0.0041711 0.99924 0.0387502 0.0311943 0.00994425 -0.0387072 0.999201 0.00482654 
0.999985 0.00336683 -0.00430064 0.214601 -0.00318064 0.999088 0.0425909 0.028852 0.00444011 -0.0425766 0.999083 0.0169597 
0.999966 0.0050179 -0.00659579 0.303281 -0.00476642 0.999281 0.0376046 0.0162586 0.00677975 -0.0375718 0.999271 0.0149265 
0.999932 0.0080606 -0.00848848 0.401594 -0.00773771 0.99927 0.0374083 0.00655761 0.00878381 -0.03734 0.999264 0.0118761 
0.999935 0.00831594 -0.0077776 0.516468 -0.00801597 0.999252 0.0378355 0.0112443 0.00808642 -0.0377707 0.999254 0.0174694 
0.999932 0.00898171 -0.00741063 0.66483 -0.00872249 0.999373 0.034301 -0.00534077 0.00771407 -0.034234 0.999384 0.0212807 
0.999944 0.00703077 -0.00788254 0.811365 -0.00678237 0.999493 0.0311091 -0.0199184 0.00809726 -0.0310539 0.999485 0.0253443 
0.999897 0.00843939 -0.0115801 0.947002 -0.00808877 0.999517 0.0299983 -0.033329 0.0118277 -0.0299015 0.999483 0.0363329 
0.999902 0.00925142 -0.0105253 1.10249 -0.00891 0.999447 0.0320349 -0.0440521 0.0108159 -0.0319379 0.999431 0.0264476 
0.99992 0.00821556 -0.00963013 1.251 -0.00797952 0.999673 0.0242978 -0.0701122 0.0098266 -0.024219 0.999658 0.0326796 
0.99989 0.0118557 -0.00889136 1.39759 -0.0116149 0.999577 0.0266661 -0.0645346 0.00920375 -0.0265599 0.999605 0.0322152 
0.999851 0.0130691 -0.0113123 1.53671 -0.0127698 0.999577 0.0261363 -0.0741812 0.0116491 -0.0259879 0.999594 0.0418824 
0.999846 0.0142922 -0.010194 1.68771 -0.0140619 0.999652 0.0223112 -0.0919416 0.0105093 -0.0221644 0.999699 0.0401717 
0.999576 0.0257982 -0.013535 1.80874 -0.0255111 0.999455 0.0209696 -0.0965832 0.0140686 -0.0206154 0.999688 0.0402265 
0.997501 0.0695586 -0.0123548 1.95712 -0.0693032 0.997395 0.0200241 -0.134311 0.0137155 -0.0191178 0.999723 0.034657 
0.996936 0.0766794 -0.0154744 2.09422 -0.0763735 0.996889 0.0194747 -0.136525 0.0169195 -0.0182332 0.999691 0.0490183 
0.996785 0.0786536 -0.0152571 2.25391 -0.0783537 0.996738 0.0193479 -0.151252 0.0167291 -0.0180903 0.999696 0.0546927 
0.996917 0.0780892 -0.00769484 2.54476 -0.0779409 0.996796 0.0179928 -0.206014 0.00907523 -0.0173376 0.999808 0.046853 
0.99495 0.100098 -0.00740383 2.81092 -0.0999725 0.994866 0.0157269 -0.245006 0.00894004 -0.0149073 0.999849 0.0512954 
0.988304 0.152438 -0.00424632 3.0444 -0.152347 0.988185 0.0167554 -0.299682 0.0067503 -0.0159125 0.999851 0.0433086 
0.972263 0.233854 0.00406922 3.3162 -0.233887 0.972183 0.0125097 -0.412759 -0.00103059 -0.0131144 0.999913 0.0532851 
0.941953 0.33574 -0.00184682 3.57568 -0.335671 0.941847 0.0157753 -0.517739 0.00703582 -0.0142397 0.999874 0.0479904 
0.938686 0.344742 -0.00476243 3.80696 -0.344605 0.938568 0.0183877 -0.607237 0.0108089 -0.0156191 0.99982 0.0562579 
0.938269 0.345869 -0.00500364 4.05078 -0.345757 0.938192 0.0157641 -0.70959 0.0101467 -0.013061 0.999863 0.0529244 
0.936616 0.350298 -0.0063965 4.28433 -0.350114 0.936491 0.0201268 -0.801579 0.0130407 -0.0166116 0.999777 0.0552474 
0.925717 0.378214 -0.00149333 4.53689 -0.378114 0.925551 0.0195998 -0.925916 0.00879508 -0.0175792 0.999807 0.0568654 
0.911145 0.412085 0.000171484 4.77942 -0.412006 0.910962 0.0199845 -1.05228 0.00807911 -0.0182794 0.9998 0.0562854 
0.897588 0.440796 0.00590464 5.03191 -0.440776 0.897166 0.0284329 -1.19401 0.00723567 -0.0281236 0.999578 0.0586751 
0.895156 0.445665 0.00892201 5.26163 -0.445728 0.894706 0.0287692 -1.30257 0.00483886 -0.0297297 0.999546 0.0476838 
0.894368 0.447125 0.0136314 5.50756 -0.447309 0.893596 0.037417 -1.42278 0.00454912 -0.039562 0.999207 0.0405534 
0.895459 0.44489 0.0150553 5.7305 -0.445139 0.894779 0.0349439 -1.5437 0.00207504 -0.0379925 0.999276 0.0403242 
0.894824 0.44612 0.0163322 6.01154 -0.446413 0.894389 0.0279747 -1.72026 -0.00212729 -0.0323234 0.999475 0.0435936 
0.894155 0.447111 0.0240442 6.32025 -0.447697 0.893626 0.0316188 -1.8704 -0.00734935 -0.0390367 0.999211 0.0290007 
0.893317 0.448936 0.0209802 6.5939 -0.449394 0.892838 0.0297525 -2.0242 -0.00537494 -0.0360068 0.999337 0.0277385 
0.891507 0.452548 0.0203845 6.87146 -0.452988 0.89098 0.0309244 -2.1804 -0.00416741 -0.0368032 0.999314 0.0172988 
0.888833 0.457998 0.0146253 7.13284 -0.458231 0.888339 0.0296263 -2.3183 0.000576584 -0.0330346 0.999454 0.0172517 
0.88764 0.460351 0.0130724 7.40269 -0.460528 0.887087 0.0314809 -2.48154 0.00289592 -0.033964 0.999419 0.0167144 
0.886438 0.462768 0.00856914 7.62193 -0.462814 0.886 0.028415 -2.60913 0.00555729 -0.0291541 0.999559 0.0152081 
0.884881 0.465735 0.00878363 7.8406 -0.465772 0.884373 0.0306549 -2.73434 0.00650904 -0.0312171 0.999491 0.0164103 
0.885884 0.463893 0.00364202 8.06899 -0.463885 0.885737 0.0167907 -2.8737 0.0045632 -0.016564 0.999852 0.0216769 
0.882136 0.470656 0.0178375 8.30871 -0.470984 0.881731 0.0269107 -3.01095 -0.00306223 -0.0321401 0.999479 -0.000784672 
0.887578 0.460227 0.0198899 8.54541 -0.460641 0.887078 0.0300414 -3.13119 -0.00381798 -0.0358262 0.999351 0.0012234 
0.909877 0.414799 0.00807116 8.76396 -0.414865 0.909531 0.0253055 -3.24278 0.00315571 -0.0263733 0.999647 0.0127973 
0.952576 0.304133 0.0100661 9.01421 -0.304291 0.952283 0.0237452 -3.2856 -0.00236407 -0.0256821 0.999667 0.0151027 
0.975297 0.220853 0.00449822 9.19466 -0.220894 0.974932 0.0267226 -3.31546 0.0015163 -0.0270561 0.999633 0.0111009 
0.989318 0.145519 0.00857155 9.36818 -0.145683 0.989058 0.0232728 -3.34429 -0.00509111 -0.024273 0.999692 0.0151944 
0.998193 0.0571958 0.0184023 9.56884 -0.0576502 0.998019 0.0251919 -3.32208 -0.016925 -0.0262072 0.999513 0.0065011 
0.999292 -0.0322662 0.0193389 9.74425 0.0318294 0.99924 0.0224815 -3.29981 -0.0200496 -0.02185 0.99956 0.00199229 
0.992297 -0.12366 0.00736002 9.92389 0.123408 0.991953 0.0282705 -3.23532 -0.0107967 -0.0271444 0.999573 -0.00578312 
0.976962 -0.213377 0.00388791 10.1026 0.213154 0.976512 0.0314435 -3.18732 -0.0105059 -0.0298904 0.999498 -0.00170592 
0.955454 -0.295114 -0.00394225 10.2631 0.295077 0.954886 0.0334919 -3.12448 -0.00611955 -0.0331633 0.999431 0.00745628 
0.92491 -0.38017 0.00346619 10.4478 0.379876 0.924486 0.0319399 -3.03894 -0.0153471 -0.0282249 0.999484 0.00914542 
0.884094 -0.467281 0.005131 10.5935 0.466972 0.883819 0.0282942 -2.95093 -0.0177562 -0.0226187 0.999586 0.0102901 
0.830987 -0.556261 0.00586742 10.7415 0.555945 0.830794 0.0265807 -2.83178 -0.0196604 -0.0188262 0.999629 0.0118989 
0.769577 -0.63855 0.00234025 10.8648 0.638232 0.7693 0.0289235 -2.70132 -0.0202694 -0.0207652 0.999579 0.0058476 
0.702899 -0.711283 0.00316533 10.9649 0.710698 0.702489 0.0376535 -2.5366 -0.0290059 -0.024217 0.999286 0.00856999 
0.624277 -0.781202 0.000953323 11.0702 0.780567 0.623817 0.0395861 -2.37788 -0.0315194 -0.0239685 0.999216 0.0110365 
0.543305 -0.839501 0.00761122 11.1471 0.838433 0.543034 0.0463174 -2.20019 -0.0430166 -0.018783 0.998898 -0.000335558 
0.489692 -0.871266 0.0331204 11.2358 0.868228 0.490761 0.0730292 -1.97875 -0.079882 -0.00700579 0.99678 -0.0334467 
0.478075 -0.878219 0.0132924 11.3255 0.876837 0.478092 0.0508363 -1.84429 -0.0510003 -0.0126483 0.998619 0.00373995 
0.478077 -0.878318 -0.000766828 11.458 0.877692 0.477703 0.0381598 -1.65957 -0.0331501 -0.0189164 0.999271 0.0139215 
0.479938 -0.877301 0.00127195 11.5581 0.876605 0.479614 0.039159 -1.49406 -0.0349643 -0.0176789 0.999232 0.0155891 
0.479785 -0.877386 -0.000315429 11.6612 0.876869 0.47949 0.034488 -1.32352 -0.030108 -0.0168234 0.999405 0.0110974 
0.48029 -0.87704 0.0110393 11.7826 0.876833 0.480417 0.0190713 -1.15157 -0.0220298 0.000519821 0.999757 -0.0023353 
0.49055 -0.871288 0.0147589 11.8577 0.869935 0.490634 0.0499167 -0.965365 -0.050733 -0.0116473 0.998644 0.00109393 
0.482855 -0.875493 -0.0190655 11.9374 0.874875 0.481341 0.0538986 -0.855121 -0.0380108 -0.0427052 0.998364 0.00771107 
0.484636 -0.874706 -0.00405345 12.0569 0.874135 0.484141 0.0386856 -0.675538 -0.0318761 -0.0222917 0.999243 0.0108731 
0.487684 -0.87302 0.00082826 12.1632 0.872371 0.487357 0.0381014 -0.499586 -0.033667 -0.0178589 0.999274 0.0135602 
0.488824 -0.872382 -0.00136013 12.2669 0.871772 0.488422 0.0381724 -0.336006 -0.0326366 -0.0198453 0.99927 0.013906 
0.489698 -0.871892 -0.00115151 12.4022 0.871598 0.489498 0.0266142 -0.140966 -0.0226411 -0.0140366 0.999645 0.0136419 
0.493428 -0.869783 -0.00256882 12.5233 0.869635 0.493285 0.0201088 0.0209165 -0.0162231 -0.0121562 0.999795 0.00702883 
0.495972 -0.8683 -0.00817526 12.6086 0.868013 0.495506 0.0320408 0.209284 -0.0237701 -0.0229875 0.999453 0.00359616 
0.498857 -0.866679 0.0028879 12.7518 0.86636 0.498759 0.0256964 0.426127 -0.0237109 -0.0103169 0.999666 0.0087233 
0.501236 -0.865303 0.00362183 12.8608 0.864814 0.501085 0.0317871 0.643761 -0.0293203 -0.0128006 0.999488 0.011386 
0.50194 -0.864899 0.00236482 12.9983 0.864466 0.501772 0.030402 0.858692 -0.0274812 -0.0132157 0.999535 0.00874429 
0.501247 -0.865298 -0.00321554 13.1551 0.865171 0.501101 0.0194124 1.06157 -0.0151862 -0.0125124 0.999806 0.024125 
0.508196 -0.861188 -0.00960602 13.2932 0.861212 0.508056 0.0138624 1.27876 -0.00705775 -0.0153177 0.999858 0.0262681 
0.515053 -0.856931 -0.0197171 13.4177 0.857131 0.514716 0.0198722 1.47719 -0.00688038 -0.0271354 0.999608 0.0328095 
0.519406 -0.853935 -0.0318257 13.5202 0.854362 0.518212 0.0390183 1.67443 -0.0168266 -0.047457 0.998731 0.0439173 
0.520179 -0.853426 -0.032833 13.6614 0.853872 0.518882 0.0407928 1.89426 -0.0177772 -0.0492547 0.998628 0.0514138 
0.521464 -0.853146 -0.0147411 13.8289 0.853133 0.520988 0.0271345 2.10611 -0.0154697 -0.0267258 0.999523 0.0466023 
0.523622 -0.85193 -0.00592407 13.9296 0.851334 0.522965 0.041699 2.30936 -0.0324266 -0.0268779 0.999113 0.0390515 
0.520023 -0.853681 -0.028361 14.0739 0.854109 0.519374 0.0273781 2.47056 -0.00864225 -0.0384606 0.999223 0.0593001 
0.520659 -0.853493 -0.0215351 14.229 0.853653 0.520016 0.029321 2.70793 -0.0138267 -0.0336498 0.999338 0.0692182 
0.525215 -0.850837 -0.0149889 14.3898 0.850622 0.524416 0.0378276 2.97891 -0.0243247 -0.0326175 0.999172 0.075196 
0.527741 -0.849144 -0.0210669 14.5548 0.849276 0.527067 0.0305122 3.2015 -0.0148056 -0.0339942 0.999312 0.0801841 
0.525032 -0.849835 -0.0460665 14.6499 0.850899 0.523025 0.0491487 3.39315 -0.0176743 -0.0650026 0.997729 0.0745923 
0.526935 -0.849684 -0.0194108 14.8244 0.849642 0.526066 0.0369208 3.61487 -0.0211597 -0.0359471 0.99913 0.0837429 
0.526419 -0.850053 -0.0171327 15.0009 0.849945 0.525621 0.0362737 3.86952 -0.0218293 -0.033657 0.999195 0.085865 
0.528299 -0.848851 -0.0187736 15.1579 0.8488 0.527463 0.0363399 4.10351 -0.0209448 -0.0351334 0.999163 0.100586 
0.529355 -0.848317 -0.0119026 15.3352 0.848076 0.528713 0.0350556 4.38659 -0.0234452 -0.0286511 0.999315 0.0884985 
0.531077 -0.847182 -0.0155054 15.4951 0.846987 0.530261 0.037908 4.64827 -0.023893 -0.0332649 0.999161 0.0994664 
0.534483 -0.845101 -0.0114479 15.6828 0.844778 0.533764 0.0380275 4.91674 -0.0260266 -0.029996 0.999211 0.0995623 
0.534515 -0.845147 -0.00451547 15.8617 0.844699 0.53404 0.0358493 5.18626 -0.0278865 -0.0229762 0.999347 0.102499 
0.536075 -0.844166 0.00266104 16.0447 0.843515 0.53578 0.0376997 5.44208 -0.0332505 -0.0179652 0.999286 0.0989799 
0.536574 -0.843807 0.00880305 16.2851 0.843053 0.53649 0.0379523 5.81082 -0.0367472 -0.0129428 0.999241 0.109454 
0.538186 -0.842749 0.0113532 16.4624 0.841899 0.538177 0.0396368 6.06655 -0.0395139 -0.0117738 0.99915 0.107984 
0.539614 -0.841807 0.0133203 16.647 0.840967 0.53969 0.0388463 6.31872 -0.0398899 -0.00976008 0.999156 0.105012 
0.541094 -0.840883 0.0115379 16.8193 0.839897 0.541048 0.0429104 6.5867 -0.0423252 -0.0135279 0.999012 0.101304 
0.543364 -0.839428 0.0107916 16.9956 0.838435 0.543278 0.043321 6.84856 -0.0422277 -0.014491 0.999003 0.096409 
0.544842 -0.838534 -0.00284188 17.2072 0.83792 0.544306 0.0402612 7.14594 -0.0322135 -0.0243172 0.999185 0.113305 
0.544127 -0.838982 -0.00593858 17.3852 0.838384 0.543441 0.0422469 7.42001 -0.0322171 -0.0279665 0.99909 0.105881 
0.543766 -0.839174 -0.0102547 17.4526 0.838646 0.542884 0.0441466 7.51583 -0.0314796 -0.0326055 0.998972 0.108218 
0.54549 -0.83796 -0.0162138 17.5468 0.83766 0.544451 0.0435764 7.64306 -0.0276877 -0.0373521 0.998919 0.108249 
0.548174 -0.836137 -0.0195203 17.7165 0.83589 0.546927 0.0464635 7.89515 -0.0281737 -0.0417869 0.998729 0.116664 
0.550737 -0.834527 -0.0159417 17.9108 0.83426 0.549756 0.0421688 8.16003 -0.0264269 -0.0365235 0.998983 0.137528 
0.551987 -0.833613 -0.0199936 18.0766 0.833526 0.55094 0.0412351 8.39923 -0.0233589 -0.0394264 0.998949 0.131335 
0.552166 -0.833388 -0.024029 18.2304 0.833515 0.55113 0.0388503 8.62957 -0.0191343 -0.0414804 0.998956 0.138796 
0.554281 -0.831903 -0.0266544 18.4085 0.832154 0.553224 0.0382411 8.87767 -0.017067 -0.0433769 0.998913 0.156059 
0.555918 -0.830735 -0.0288881 18.5738 0.831028 0.554664 0.0417131 9.11587 -0.0186293 -0.0471959 0.998712 0.160359 
0.557986 -0.829408 -0.0270901 18.73 0.829604 0.556728 0.042556 9.3446 -0.0202145 -0.0462197 0.998727 0.155118 
0.558726 -0.829025 -0.0233066 18.8437 0.82905 0.557543 0.0426743 9.48937 -0.0223837 -0.0431656 0.998817 0.170074 
0.558661 -0.829039 -0.0243569 18.841 0.829107 0.557449 0.0428148 9.49461 -0.0219173 -0.0441134 0.998786 0.171508 
0.558429 -0.829197 -0.0242783 18.8395 0.829261 0.557217 0.0428521 9.48809 -0.0220046 -0.0440628 0.998786 0.169237 
0.558495 -0.829147 -0.0244629 18.8401 0.829221 0.557284 0.0427405 9.48466 -0.0218054 -0.0441556 0.998787 0.169014 
0.558461 -0.829065 -0.0278078 18.9303 0.829385 0.557419 0.0374903 9.58937 -0.0155813 -0.0440002 0.99891 0.180686 
0.561334 -0.827229 -0.0244383 19.1158 0.827385 0.560293 0.0388153 9.86355 -0.0184165 -0.0420082 0.998948 0.193199 
0.561281 -0.827295 -0.0233574 19.3141 0.827473 0.560414 0.0350007 10.1156 -0.0158661 -0.0389729 0.999114 0.187322 
0.563552 -0.825662 -0.0262844 19.5072 0.825829 0.562311 0.0425736 10.412 -0.0203714 -0.0456989 0.998748 0.205742 
0.562935 -0.826033 -0.0278188 19.7066 0.826355 0.561883 0.0377447 10.6669 -0.0155474 -0.044236 0.9989 0.218061 
0.567185 -0.823128 -0.0276064 19.8843 0.823451 0.566151 0.0374416 10.9083 -0.0151898 -0.0439688 0.998917 0.234039 
0.570069 -0.821148 -0.0271614 20.0751 0.821422 0.568952 0.039492 11.1759 -0.0169753 -0.0448241 0.998851 0.235626 
0.571352 -0.820356 -0.0239131 20.2525 0.820469 0.570248 0.0405853 11.4345 -0.019658 -0.0428085 0.99889 0.235909 
0.573922 -0.818789 -0.0140772 20.4932 0.818528 0.573043 0.0404229 11.7443 -0.025031 -0.0347221 0.999084 0.246046 
0.57518 -0.817984 -0.00833095 20.68 0.817576 0.574496 0.0390321 11.9918 -0.0271416 -0.0292617 0.999203 0.247227 
0.576553 -0.816987 -0.0108711 20.8665 0.816749 0.575917 0.0352237 12.2212 -0.0225165 -0.0291873 0.99932 0.25762 
0.578702 -0.81548 -0.00979685 21.05 0.815162 0.578028 0.037347 12.4971 -0.0247929 -0.0295988 0.999254 0.258214 
0.580948 -0.813749 -0.0176506 21.237 0.813703 0.580118 0.0367401 12.7072 -0.0196578 -0.0357064 0.999169 0.274337 
0.583257 -0.812063 -0.0191281 21.4112 0.812009 0.582278 0.0399263 12.9696 -0.0212848 -0.0388195 0.999019 0.258015 
0.586149 -0.810055 -0.0154839 21.6155 0.809882 0.585271 0.0393647 13.2137 -0.0228253 -0.0356138 0.999105 0.279682 
0.587084 -0.809453 -0.0108528 21.7911 0.80911 0.5863 0.0399108 13.4641 -0.0259429 -0.0322121 0.999144 0.287803 
0.586659 -0.809794 -0.00803102 22.0239 0.809539 0.586149 0.0328155 13.749 -0.0218664 -0.025753 0.999429 0.292171 
0.588443 -0.808514 -0.00623808 22.2054 0.808038 0.58779 0.0397134 13.9941 -0.0284421 -0.0284097 0.999192 0.290161 
0.591839 -0.805991 -0.0102335 22.3664 0.805502 0.590915 0.0445615 14.2278 -0.0298691 -0.0346164 0.998954 0.289657 
0.591859 -0.805972 -0.0106336 22.576 0.805605 0.591052 0.0407206 14.4798 -0.0265346 -0.0326673 0.999114 0.294516 
0.592484 -0.805553 -0.00681874 22.8138 0.805149 0.591867 0.0377964 14.7799 -0.0264113 -0.0278839 0.999262 0.301808 
0.592832 -0.805206 -0.0138836 23.007 0.805063 0.59211 0.0357622 15.0252 -0.0205753 -0.0323782 0.999264 0.305028 
0.594744 -0.803767 -0.015406 23.1757 0.8036 0.593866 0.0393652 15.2504 -0.0224914 -0.0357925 0.999106 0.309927 
0.598702 -0.800957 -0.00491301 23.3863 0.800404 0.598036 0.0413036 15.5226 -0.0301443 -0.028661 0.999135 0.299355 
0.599436 -0.800414 -0.00381442 23.5406 0.79981 0.598784 0.0419659 15.73 -0.0313061 -0.0282067 0.999112 0.308291 
0.601458 -0.798904 0.000425733 23.7568 0.798228 0.600971 0.0408266 15.9868 -0.0328723 -0.0242156 0.999166 0.309958 
0.603362 -0.797425 0.00822953 23.9566 0.796666 0.603186 0.0386069 16.2418 -0.03575 -0.0167377 0.999221 0.329127 
0.605397 -0.795877 0.00861464 24.1632 0.794917 0.60514 0.0437425 16.5142 -0.0400267 -0.0196336 0.999006 0.312925 
0.60468 -0.796466 -0.00188903 24.332 0.795822 0.604093 0.0416982 16.7151 -0.03207 -0.0267174 0.999128 0.31894 
0.605769 -0.795632 0.0036209 24.5363 0.794746 0.605297 0.0446638 16.9701 -0.0377276 -0.0241782 0.998995 0.299476 
0.604717 -0.796396 -0.00844079 24.7193 0.795791 0.603761 0.0467949 17.2121 -0.0321711 -0.0350148 0.998869 0.329594 
0.605702 -0.795251 -0.0264583 24.9052 0.79541 0.604269 0.0466989 17.4304 -0.0211495 -0.0493308 0.998559 0.339476 
0.607596 -0.793464 -0.0352385 25.0812 0.793993 0.605686 0.0521439 17.6474 -0.0200309 -0.0596616 0.998018 0.354665 
0.60829 -0.792881 -0.0363892 25.2765 0.793496 0.606404 0.0513765 17.8757 -0.0186689 -0.0601265 0.998016 0.356034 
0.610204 -0.791515 -0.0339911 25.4768 0.791947 0.608236 0.0535559 18.1427 -0.0217157 -0.0595991 0.997986 0.356036 
0.610821 -0.791198 -0.0300478 25.6743 0.791342 0.608807 0.0559669 18.3853 -0.0259877 -0.0579639 0.99798 0.38247 
0.613086 -0.789613 -0.0252473 25.9209 0.789536 0.611285 0.0544399 18.6895 -0.0275531 -0.05331 0.998198 0.401733 
0.614974 -0.788354 -0.0174619 26.1219 0.787802 0.613279 0.0570788 18.9358 -0.0342893 -0.0488585 0.998217 0.390956 
0.613961 -0.78909 -0.0197416 26.3087 0.788795 0.612422 0.0523629 19.1592 -0.0292288 -0.0477208 0.998433 0.402987 
0.614646 -0.788711 -0.0121008 26.5361 0.788012 0.61327 0.0541845 19.4283 -0.0353148 -0.0428398 0.998458 0.405611 
0.617627 -0.786422 -0.00881644 26.7278 0.785484 0.616252 0.0569966 19.6793 -0.0393902 -0.0421278 0.998335 0.410233 
0.618322 -0.785829 -0.0122257 26.905 0.785074 0.616855 0.0561071 19.8875 -0.0365491 -0.0442903 0.99835 0.412471 
0.618553 -0.785655 -0.0118088 27.126 0.784952 0.617185 0.0541583 20.1375 -0.0352615 -0.0427691 0.998463 0.418925 
0.616927 -0.786871 -0.0153242 27.3209 0.786354 0.615487 0.0531293 20.3656 -0.032374 -0.0448271 0.99847 0.433806 
0.61941 -0.784899 -0.0162501 27.5246 0.784158 0.617565 0.0609011 20.6371 -0.0377657 -0.0504655 0.998012 0.414479 
0.620593 -0.784037 -0.0122639 27.7285 0.783248 0.619075 0.0571683 20.8552 -0.0372298 -0.045084 0.998289 0.437759 
0.621965 -0.783036 -0.0039175 27.9629 0.781976 0.620846 0.0553544 21.1104 -0.0409123 -0.0374919 0.998459 0.421324 
0.623932 -0.781478 -0.00110129 28.1423 0.780231 0.622855 0.0573704 21.3493 -0.0441477 -0.0366545 0.998352 0.442191 
0.624877 -0.780706 0.00526002 28.3549 0.779113 0.624007 0.0599824 21.6217 -0.0501109 -0.0333835 0.998186 0.414689 
0.625121 -0.780527 0.00119089 28.5108 0.779051 0.624031 0.0605379 21.7919 -0.0479946 -0.0369158 0.998165 0.445507 
0.626754 -0.779137 0.011171 28.7279 0.777057 0.626019 0.0654339 22.0653 -0.0579752 -0.0323304 0.997794 0.434779 
0.626375 -0.77936 0.0158937 28.9536 0.777639 0.626148 0.0567114 22.3082 -0.0541504 -0.023163 0.998264 0.408911 
0.625992 -0.779687 0.0148815 29.1454 0.778012 0.625722 0.0563068 22.549 -0.0532134 -0.0236697 0.998303 0.42661 
0.62858 -0.777561 0.0169138 29.3556 0.775892 0.628434 0.0553317 22.7815 -0.053653 -0.0216571 0.998325 0.43628 
0.631056 -0.77561 0.0140078 29.5128 0.773782 0.630645 0.0595658 22.984 -0.0550338 -0.0267504 0.998126 0.431295 
0.630335 -0.776251 0.0105908 29.6232 0.774513 0.629738 0.0596634 23.1333 -0.0529832 -0.0294052 0.998162 0.422928 
0.631389 -0.775464 0.00180783 29.8252 0.774333 0.63059 0.0525686 23.3256 -0.0419051 -0.0317914 0.998616 0.425972 
0.632647 -0.77442 0.00563464 30.074 0.773431 0.632177 0.0464372 23.6182 -0.039524 -0.0250204 0.998905 0.428166 
0.634599 -0.77277 0.0105737 30.2623 0.771162 0.634062 0.05723 23.8773 -0.05093 -0.028164 0.998305 0.419849 
0.633776 -0.773408 0.0129998 30.4741 0.771513 0.633253 0.0613123 24.1168 -0.0556516 -0.0288287 0.998034 0.406002 
0.633852 -0.773304 0.0152403 30.6958 0.77154 0.633546 0.0578373 24.3381 -0.0543812 -0.0249018 0.99821 0.418867 
0.634785 -0.77258 0.0129277 30.889 0.771105 0.634466 0.0533771 24.5837 -0.0494403 -0.0239144 0.998491 0.402481 
0.634839 -0.77249 0.0154764 31.1268 0.770827 0.634591 0.0558591 24.8806 -0.0529718 -0.0235319 0.998319 0.403822 
0.633496 -0.773628 0.0135333 31.3252 0.772243 0.633258 0.0512341 25.1088 -0.0482063 -0.0220056 0.998595 0.403032 
0.635899 -0.771702 0.0103536 31.5712 0.77031 0.635463 0.0529954 25.3647 -0.047476 -0.0257243 0.998541 0.388156 
0.636484 -0.771239 0.00884127 31.8106 0.769903 0.635985 0.0526483 25.6357 -0.0462273 -0.0267029 0.998574 0.403946 
0.638069 -0.769901 0.0110291 32.0622 0.768657 0.637747 0.0494462 25.9087 -0.0451024 -0.0230724 0.998716 0.404414 
0.639596 -0.768702 0.00376835 32.3006 0.767705 0.639002 0.0480204 26.1752 -0.0393214 -0.0278207 0.998839 0.411513 
0.642353 -0.766378 0.00685076 32.5327 0.765028 0.641706 0.0542716 26.4882 -0.0459888 -0.0296205 0.998503 0.404331 
0.642582 -0.76621 0.0031566 32.7945 0.765131 0.641886 0.0505637 26.741 -0.0407686 -0.0300761 0.998716 0.400537 
0.643449 -0.765477 -0.00423329 33.0263 0.764765 0.642591 0.0470232 26.9975 -0.0332749 -0.0334945 0.998885 0.415217 
0.645119 -0.764064 -0.00534843 33.2662 0.763184 0.644005 0.0529912 27.2939 -0.0370442 -0.0382674 0.998581 0.414132 
0.644668 -0.76433 -0.0142465 33.5083 0.763722 0.643112 0.0559964 27.5629 -0.0336376 -0.0469795 0.998329 0.407838 
0.599828 -0.800043 -0.0117509 33.8302 0.799701 0.598962 0.0415169 27.9266 -0.026177 -0.0343003 0.999069 0.41602 
0.600528 -0.799544 -0.0097788 34.0466 0.798823 0.599356 0.0515317 28.2294 -0.0353409 -0.0387577 0.998623 0.426149 
0.573986 -0.818828 -0.0078265 34.2545 0.817997 0.572911 0.0515167 28.5422 -0.0376994 -0.0359719 0.998641 0.427754 
0.515235 -0.857029 -0.00587202 34.4682 0.856381 0.514552 0.0429798 28.8458 -0.0338134 -0.0271734 0.999059 0.433703 
0.462139 -0.886807 -0.00023738 34.6202 0.885717 0.461558 0.0497001 29.1766 -0.0439649 -0.0231786 0.998764 0.428941 
0.401681 -0.915779 -0.00123228 34.7876 0.914795 0.401186 0.0469084 29.4998 -0.0424634 -0.0199695 0.998898 0.430786 
0.319251 -0.94767 -0.000140719 34.9324 0.94661 0.318887 0.0473373 29.9594 -0.0448153 -0.0152457 0.998879 0.443573 
0.254011 -0.967197 0.0028878 35.0303 0.966204 0.253883 0.0446456 30.2937 -0.0439142 -0.00855025 0.998999 0.451318 
0.187387 -0.982281 0.00325136 35.0764 0.980805 0.187285 0.0542854 30.6668 -0.0539324 -0.0069834 0.99852 0.428201 
0.11867 -0.992918 0.00566679 35.1399 0.991525 0.118803 0.0525823 31.0145 -0.0528831 -0.000621172 0.998601 0.440062 
0.0496977 -0.998763 0.00172929 35.1409 0.99748 0.0497215 0.0506026 31.3477 -0.050626 -0.000789897 0.998717 0.441525 
-0.0106521 -0.999891 0.0102197 35.1342 0.998581 -0.0101038 0.0522802 31.6793 -0.0521712 0.0107621 0.99858 0.447928 
-0.0813282 -0.996642 0.00949775 35.1026 0.995387 -0.0807317 0.0518381 32.0328 -0.0508973 0.0136698 0.99861 0.42824 
-0.164733 -0.986217 0.0154508 35.0439 0.985234 -0.163788 0.0498745 32.4687 -0.0466565 0.0234386 0.998636 0.427085 
-0.233054 -0.972227 0.0214823 34.9771 0.971695 -0.231934 0.044888 32.8241 -0.0386588 0.0313356 0.998761 0.426999 
-0.300736 -0.953515 0.0191845 34.8679 0.95309 -0.299756 0.0420273 33.157 -0.034323 0.0309236 0.998932 0.419307 
-0.365986 -0.930415 0.0195445 34.7372 0.930065 -0.364962 0.0422006 33.5029 -0.032131 0.0336225 0.998918 0.413959 
-0.430702 -0.902193 0.0233049 34.5606 0.902005 -0.429475 0.0440143 33.8181 -0.0297006 0.0399782 0.998759 0.413058 
-0.492052 -0.870193 0.0254837 34.4014 0.870244 -0.490863 0.0415888 34.1427 -0.0236813 0.0426409 0.99881 0.403932 
-0.550807 -0.834172 0.0277044 34.1782 0.834333 -0.549418 0.0450362 34.4254 -0.0223466 0.0479209 0.998601 0.399785 
-0.606876 -0.794123 0.0327142 33.9596 0.794584 -0.605247 0.0480855 34.7141 -0.0183856 0.0551761 0.998307 0.395863 
-0.659664 -0.751175 0.0240683 33.7301 0.751242 -0.658114 0.0502111 34.9903 -0.0218777 0.0512036 0.998449 0.395441 
-0.710755 -0.703046 0.0235211 33.4565 0.703147 -0.709098 0.0525851 35.242 -0.020291 0.0539139 0.998339 0.398042 
-0.757261 -0.652916 0.0159955 33.1794 0.652732 -0.755758 0.0526393 35.4667 -0.0222803 0.0503025 0.998486 0.402658 
-0.808747 -0.587652 0.024354 32.8345 0.588085 -0.80731 0.0490626 35.7255 -0.00917054 0.0540014 0.998499 0.408082 
-0.847429 -0.530419 0.0227898 32.5257 0.530883 -0.846187 0.0461676 35.9216 -0.00520375 0.0512224 0.998674 0.387525 
-0.877024 -0.480001 0.0206908 32.2543 0.480421 -0.875714 0.048179 36.0544 -0.00500679 0.0521945 0.998624 0.362314 
-0.913269 -0.406506 0.0263132 31.9047 0.407313 -0.912214 0.0443039 36.2256 0.00599347 0.0511791 0.998672 0.365366 
-0.940289 -0.339367 0.0262073 31.5423 0.340243 -0.93929 0.0443698 36.349 0.00955863 0.0506372 0.998671 0.362124 
-0.961514 -0.273076 0.0303327 31.1918 0.274109 -0.960957 0.0377656 36.4659 0.0188356 0.0446266 0.998826 0.366607 
-0.980816 -0.192398 0.031352 30.7609 0.193401 -0.980567 0.0329205 36.5542 0.0244089 0.0383524 0.998966 0.366537 
-0.990773 -0.131227 0.0338715 30.4136 0.132344 -0.990649 0.0331681 36.6018 0.0292022 0.0373448 0.998876 0.338522 
-0.992758 -0.113927 0.0381027 30.0371 0.115041 -0.992954 0.0284312 36.6536 0.0345952 0.0326087 0.998869 0.316438 
-0.992147 -0.11772 0.0422573 29.6539 0.119044 -0.992426 0.0303241 36.7099 0.0383675 0.0351164 0.998646 0.3179 
-0.992046 -0.118508 0.0424403 29.2921 0.119772 -0.99239 0.0285816 36.7634 0.0387302 0.0334374 0.99869 0.287169 
-0.992052 -0.116081 0.0485511 28.9165 0.117363 -0.992789 0.0244257 36.8142 0.0453656 0.0299297 0.998522 0.300208 
-0.991962 -0.118626 0.0440436 28.627 0.119538 -0.992654 0.0186675 36.8596 0.0415056 0.0237824 0.998855 0.29264 
-0.991346 -0.121011 0.0508906 28.2683 0.122576 -0.99204 0.028846 36.9058 0.0469948 0.0348344 0.998288 0.251585 
-0.991461 -0.118831 0.0537055 27.9605 0.120207 -0.992479 0.0231546 36.971 0.05055 0.0294126 0.998288 0.234101 
-0.990996 -0.121538 0.0561638 27.596 0.122937 -0.992167 0.0221537 37.0246 0.0530313 0.0288589 0.998176 0.224503 
-0.990241 -0.125179 0.0612551 27.161 0.126415 -0.991837 0.0167235 37.0919 0.0586617 0.0243038 0.997982 0.218255 
-0.990919 -0.123636 0.0528587 26.8633 0.124705 -0.992041 0.0174168 37.156 0.0502846 0.0238504 0.99845 0.202135 
-0.990163 -0.127329 0.0580119 26.4741 0.128138 -0.991701 0.0104317 37.2217 0.0562022 0.0177626 0.998261 0.171576 
-0.989704 -0.128996 0.0620226 26.107 0.129922 -0.991462 0.0111114 37.2728 0.0600597 0.0190551 0.998013 0.179626 
-0.989259 -0.132297 0.0621616 25.7341 0.133687 -0.990846 0.0187449 37.3215 0.0591127 0.0268538 0.99789 0.140694 
-0.989477 -0.133832 0.0549913 25.3018 0.134672 -0.990819 0.0118458 37.4266 0.0529011 0.019127 0.998417 0.137978 
-0.989224 -0.134792 0.0571569 24.9462 0.13542 -0.990762 0.00723293 37.4773 0.0556539 0.0148951 0.998339 0.121824 
-0.989124 -0.137257 0.0528565 24.5789 0.138372 -0.990216 0.0180302 37.5009 0.0498646 0.025148 0.998439 0.0908021 
-0.989447 -0.138096 0.0438654 24.2239 0.138785 -0.990236 0.0130569 37.5877 0.041634 0.019007 0.998952 0.0957683 
-0.988729 -0.140277 0.0523227 23.8276 0.141184 -0.989884 0.0140325 37.661 0.049825 0.0212614 0.998532 0.0651206 
-0.988033 -0.146945 0.0468882 23.4659 0.148203 -0.988652 0.024571 37.7062 0.0427455 0.0312259 0.998598 0.0548046 
-0.988719 -0.144237 0.0403829 23.1388 0.144615 -0.989466 0.00659547 37.7539 0.0390062 0.0123611 0.999162 0.0809429 
-0.988057 -0.151014 0.0306234 22.7444 0.151853 -0.988029 0.027202 37.8291 0.0261489 0.0315274 0.999161 0.0532073 
-0.987865 -0.153501 0.0236696 22.4086 0.154191 -0.987563 0.0307434 37.8749 0.0186561 0.03402 0.999247 0.0460062 
-0.986813 -0.160024 0.0243498 22.0326 0.16079 -0.986413 0.0337001 37.9588 0.0186261 0.0371709 0.999135 0.0450411 
-0.986243 -0.162136 0.0321919 21.6725 0.162848 -0.98643 0.0208776 38.0402 0.02837 0.0258328 0.999264 0.0326718 
-0.985979 -0.164889 0.0256237 21.3625 0.165652 -0.985691 0.0311998 38.079 0.0201125 0.0350069 0.999185 0.0252268 
-0.985736 -0.165251 0.0318716 21.0579 0.166183 -0.985662 0.0292175 38.1508 0.0265864 0.0340973 0.999065 0.0204246 
-0.98536 -0.167288 0.0328575 20.484 0.16838 -0.985141 0.0338541 38.2394 0.0267058 0.0388911 0.998887 -0.000889297 
-0.984917 -0.170373 0.0302062 20.0728 0.171291 -0.984734 0.0309438 38.3445 0.024473 0.0356511 0.999065 0.00430052 
-0.984645 -0.171776 0.031111 19.6778 0.172683 -0.984543 0.0292635 38.4266 0.0256033 0.0341865 0.999087 -0.00112062 
-0.983496 -0.175461 0.0441431 19.2181 0.176968 -0.983666 0.0329065 38.4944 0.0376483 0.0401753 0.998483 -0.021703 
-0.983169 -0.177534 0.0431308 18.8587 0.178922 -0.983383 0.030751 38.5966 0.0369547 0.0379505 0.998596 -0.0369554 
-0.983274 -0.176972 0.0430498 18.4134 0.178142 -0.983686 0.0250294 38.7057 0.037918 0.0322797 0.998759 -0.0471316 
-0.983156 -0.176641 0.0469175 18.0453 0.177869 -0.983776 0.0234077 38.7832 0.0420216 0.0313586 0.998624 -0.0562354 
-0.98294 -0.176451 0.0519065 17.6008 0.177731 -0.983852 0.0211283 38.8824 0.0473402 0.0299932 0.998428 -0.0685559 
-0.982354 -0.179606 0.0521673 17.256 0.180834 -0.983314 0.019825 38.9522 0.0477361 0.0289088 0.998442 -0.092994 
-0.982006 -0.181727 0.0513691 16.9322 0.182978 -0.982898 0.0207649 39.019 0.046717 0.0297906 0.998464 -0.096523 
-0.981552 -0.18307 0.055139 16.5661 0.184345 -0.982679 0.018957 39.0995 0.0507134 0.0287719 0.998299 -0.113404 
-0.981467 -0.185904 0.0465053 16.2062 0.187029 -0.982128 0.0211 39.1829 0.0417516 0.0294067 0.998695 -0.124107 
-0.980553 -0.191753 0.0417999 15.7755 0.192976 -0.980819 0.0274536 39.2624 0.0357338 0.0349861 0.998749 -0.145921 
-0.980482 -0.193694 0.0337321 15.4289 0.194798 -0.980279 0.0332733 39.3346 0.026622 0.0391948 0.998877 -0.159393 
-0.981157 -0.192403 0.0176497 15.0941 0.192864 -0.980771 0.029847 39.4203 0.0115676 0.0326886 0.999399 -0.141835 
-0.981 -0.193685 0.0111485 14.7246 0.193938 -0.980553 0.0300619 39.503 0.00510912 0.0316529 0.999486 -0.156379 
-0.98026 -0.197683 0.00339923 14.3589 0.197632 -0.979228 0.0453212 39.5649 -0.00563063 0.0450984 0.998967 -0.129786 
-0.98058 -0.195695 0.0128649 13.9428 0.196046 -0.979884 0.0373192 39.6498 0.00530297 0.0391166 0.999221 -0.148488 
-0.979026 -0.203694 -0.00420899 13.5907 0.203295 -0.978051 0.0456806 39.7511 -0.0134215 0.0438668 0.998947 -0.125358 
-0.977704 -0.209198 -0.0181698 13.2632 0.20746 -0.975701 0.0704875 39.7932 -0.0324742 0.0651465 0.997347 -0.118995 
-0.97879 -0.202256 -0.0325965 12.984 0.199774 -0.977558 0.0668657 39.8382 -0.0453889 0.0589356 0.997229 -0.0846754 
-0.975834 -0.199981 -0.088065 12.7558 0.196744 -0.979462 0.0441088 39.9164 -0.0950772 0.0257166 0.995138 -0.0500396 
-0.974589 -0.20034 -0.1002 12.5047 0.19729 -0.979546 0.039574 40.0006 -0.106079 0.0187999 0.99418 -0.0322396 
-0.974686 -0.203337 -0.0929546 12.2305 0.199454 -0.978661 0.0494116 40.0248 -0.101018 0.0296207 0.994444 -0.025524 
-0.975912 -0.204989 -0.0746698 11.9498 0.200561 -0.977673 0.0627 40.0971 -0.0858554 0.0462138 0.995235 -0.0276151 
-0.976208 -0.210446 -0.0522596 11.6647 0.207207 -0.976381 0.0612002 40.1671 -0.0639046 0.0489156 0.996756 -0.0221038 
-0.983121 -0.182577 -0.0117978 11.3687 0.181655 -0.981771 0.0559298 40.2308 -0.0217942 0.0528426 0.998365 0.00012649 
-0.991314 -0.13015 0.0188905 11.0205 0.131077 -0.989472 0.0613561 40.2722 0.0107061 0.0632993 0.997937 -0.00598997 
-0.996179 -0.0833304 0.0261458 10.7612 0.0847137 -0.994761 0.0572265 40.294 0.0212401 0.0592227 0.998019 -0.002425 
-0.998891 -0.0389834 0.0263976 10.5227 0.0404167 -0.997605 0.0561379 40.3116 0.0241459 0.0571426 0.998074 0.00250374 
-0.99902 0.0399226 0.0191182 10.3017 -0.038676 -0.997348 0.0616493 40.2719 0.0215287 0.0608495 0.997915 0.0133971 
-0.989696 0.142377 0.0151977 10.0681 -0.141028 -0.987633 0.0685066 40.205 0.0247635 0.0656574 0.997535 0.0122739 
-0.969996 0.242808 0.0123661 9.85845 -0.241231 -0.967536 0.0753803 40.1283 0.0302676 0.0701355 0.997078 0.0117318 
-0.943238 0.331984 0.00944453 9.61661 -0.330256 -0.940576 0.0790404 40.0285 0.0351235 0.0714347 0.996827 0.00643524 
-0.90469 0.425993 0.00811049 9.44347 -0.423928 -0.901885 0.0829946 39.9108 0.0426699 0.0716461 0.996517 0.0148993 
-0.854274 0.519628 0.0142297 9.23951 -0.516889 -0.852039 0.0827938 39.7817 0.0551462 0.0633735 0.996465 -0.00263724 
-0.796791 0.603953 0.0191219 9.05628 -0.600824 -0.795237 0.0812925 39.6225 0.0643033 0.0532842 0.996507 0.00433366 
-0.731935 0.68086 0.0264743 8.8826 -0.677216 -0.731204 0.0819708 39.4252 0.0751688 0.0420685 0.996283 0.000177376 
-0.660083 0.7506 0.0298345 8.74996 -0.747043 -0.660087 0.0788136 39.2429 0.0788509 0.0297359 0.996443 -0.0114858 
-0.579285 0.81449 0.0321737 8.60469 -0.811551 -0.579987 0.0707054 39.0314 0.0762492 0.0148479 0.996978 -0.00251778 
-0.558989 0.828408 0.0356644 8.46215 -0.826 -0.560094 0.0633901 38.8162 0.0724882 0.00597556 0.997351 -0.0292213 
-0.560112 0.827522 0.0384957 8.26341 -0.825432 -0.561432 0.0587805 38.5785 0.0702549 0.00114808 0.997528 -0.0343886 
-0.561875 0.826138 0.0423328 8.03278 -0.824275 -0.563456 0.0555785 38.2737 0.0697681 -0.0036657 0.997556 -0.0284046 
-0.564795 0.824202 0.0412083 7.81862 -0.822595 -0.566277 0.0516492 37.9621 0.0659047 -0.00472656 0.997815 -0.0672094 
-0.56539 0.823941 0.0381492 7.59115 -0.822587 -0.566657 0.0474496 37.6659 0.0607132 -0.0045535 0.998145 -0.0615529 
-0.566689 0.823271 0.032984 7.39139 -0.822239 -0.567637 0.041378 37.3935 0.0527883 -0.00367223 0.998599 -0.0639036 
-0.568657 0.822048 0.0294235 7.11553 -0.821115 -0.569415 0.0391978 37.0252 0.0489767 -0.00187 0.998798 -0.0786432 
-0.569455 0.821521 0.0287251 6.88405 -0.820695 -0.570173 0.0369113 36.734 0.0467016 -0.00255522 0.998906 -0.0872483 
-0.570731 0.820713 0.0263784 6.64507 -0.819948 -0.571339 0.0354524 36.4037 0.0441673 -0.00139516 0.999023 -0.0940721 
-0.572773 0.819411 0.0222961 6.41759 -0.818728 -0.573206 0.0334559 36.0956 0.0401944 0.000908237 0.999191 -0.0841225 
-0.573511 0.818922 0.0212442 6.18915 -0.818291 -0.573903 0.0321784 35.8123 0.0385437 0.00107074 0.999256 -0.0982374 
-0.574599 0.818267 0.0165968 5.90367 -0.817667 -0.57482 0.0316649 35.4224 0.0354505 0.00462395 0.999361 -0.0907701 
-0.575743 0.817467 0.016341 5.6666 -0.816928 -0.575962 0.0299453 35.1167 0.0338911 0.0038914 0.999418 -0.0929742 
-0.577285 0.816354 0.0175363 5.43743 -0.815851 -0.577547 0.0287477 34.8415 0.0335963 0.00228865 0.999433 -0.102967 
-0.578363 0.815649 0.0145622 5.22444 -0.815123 -0.578522 0.0297971 34.5365 0.0327286 0.00536356 0.99945 -0.0925003 
-0.579677 0.814734 0.0135562 5.0119 -0.814212 -0.579802 0.0298131 34.2035 0.0321497 0.00624433 0.999464 -0.10509 
-0.579725 0.814646 0.016437 4.78163 -0.814079 -0.579942 0.0307102 33.9219 0.0345505 0.00442251 0.999393 -0.101076 
-0.580366 0.814195 0.0161669 4.54347 -0.81367 -0.580578 0.0295159 33.6233 0.0334179 0.00397552 0.999434 -0.092296 
-0.581584 0.813352 0.0148206 4.28715 -0.812838 -0.581751 0.0293292 33.2659 0.0324768 0.0050106 0.99946 -0.0956297 
-0.583702 0.811853 0.0136604 4.04838 -0.811401 -0.58384 0.0275679 32.9517 0.0303566 0.00500732 0.999527 -0.0943507 
-0.584452 0.81135 0.0112461 3.76992 -0.810938 -0.584524 0.0266536 32.607 0.0281991 0.00645783 0.999581 -0.0921305 
-0.586705 0.809734 0.0103988 3.50852 -0.809374 -0.586765 0.0249197 32.2481 0.02628 0.00620403 0.999635 -0.0947296 
-0.587094 0.809432 0.0118091 3.23114 -0.809074 -0.587193 0.024572 31.9219 0.0268236 0.00487163 0.999628 -0.0926255 
-0.589472 0.807719 0.0106277 2.96554 -0.807381 -0.589541 0.0240195 31.5567 0.0256664 0.00557824 0.999655 -0.0871613 
-0.590692 0.806802 0.0123862 2.67691 -0.806484 -0.590811 0.0229423 31.1728 0.0258278 0.00356259 0.99966 -0.100649 
-0.593441 0.804817 0.00981929 2.40995 -0.804499 -0.593493 0.0234019 30.85 0.0246619 0.00598806 0.999678 -0.0825368 
-0.59493 0.803714 0.0101275 2.16746 -0.803385 -0.594986 0.0237517 30.57 0.0251153 0.00599431 0.999667 -0.0778223 
-0.594699 0.803814 0.014674 1.90521 -0.803548 -0.59488 0.0207136 30.2362 0.0253791 0.000527089 0.999678 -0.0839065 
-0.597087 0.802034 0.0151224 1.52236 -0.801723 -0.597277 0.0223609 29.7571 0.0269665 0.00122744 0.999636 -0.0674678 
-0.59802 0.801322 0.0159713 1.27513 -0.800993 -0.598233 0.0229622 29.4316 0.0279547 0.000938949 0.999609 -0.088925 
-0.599326 0.800335 0.0164895 1.007 -0.800034 -0.599553 0.0219744 29.0902 0.0274732 -2.23117e-05 0.999623 -0.085107 
-0.602116 0.798234 0.0167073 0.724342 -0.797922 -0.602348 0.0222932 28.7584 0.0278588 9.19634e-05 0.999612 -0.081092 
-0.601993 0.798388 0.0134562 0.450017 -0.798064 -0.602136 0.0229571 28.4192 0.0264311 0.0030811 0.999646 -0.09474 
-0.602789 0.797833 0.0103669 0.192137 -0.797471 -0.60284 0.0249574 28.078 0.0261614 0.00677673 0.999635 -0.0722236 
-0.604931 0.796227 0.00893118 -0.0656652 -0.795911 -0.604955 0.0235609 27.758 0.0241628 0.0071443 0.999682 -0.0935386 
-0.604166 0.796803 0.00941868 -0.361754 -0.796557 -0.60422 0.0203537 27.4125 0.0219088 0.00479449 0.999748 -0.0680114 
-0.604812 0.796349 0.00559685 -0.658963 -0.796111 -0.60478 0.0211812 27.0567 0.0202525 0.00835495 0.99976 -0.0867161 
-0.606999 0.794698 0.00272204 -0.931824 -0.794428 -0.606875 0.0242142 26.7098 0.020895 0.0125355 0.999703 -0.0750405 
-0.607033 0.794667 0.00375644 -1.22668 -0.794509 -0.606996 0.0176586 26.3754 0.0163129 0.00773483 0.999837 -0.0842844 
-0.610608 0.79192 0.00450066 -1.48486 -0.791715 -0.610563 0.0199765 26.0435 0.0185677 0.00863456 0.99979 -0.0621039 
-0.600584 0.799531 0.00703437 -1.76742 -0.799303 -0.60059 0.0201572 25.688 0.020341 0.00648348 0.999772 -0.0641508 
-0.570997 0.820932 0.00576143 -2.00318 -0.820746 -0.570997 0.018401 25.3659 0.0183957 0.00577824 0.999814 -0.070233 
-0.546163 0.837662 0.00524163 -2.25051 -0.837347 -0.546113 0.0247161 24.9901 0.0235662 0.00910994 0.999681 -0.0625511 
-0.521435 0.85325 0.00831839 -2.46295 -0.85296 -0.52148 0.0227802 24.6585 0.0237751 0.00478314 0.999706 -0.0292128 
-0.499156 0.866504 0.00368116 -2.68576 -0.866222 -0.499094 0.0237726 24.3072 0.0224363 0.00867754 0.999711 -0.0294054 
-0.492184 0.870449 0.00859295 -2.91673 -0.870117 -0.492238 0.0244442 23.9132 0.0255072 0.00455419 0.999664 -0.0470366 
-0.492669 0.870126 0.0126057 -3.16603 -0.869804 -0.49283 0.0236645 23.5003 0.0268035 0.00069428 0.99964 -0.0496443 
-0.495397 0.868507 0.0166833 -3.40115 -0.868138 -0.495674 0.0253601 23.1109 0.0302949 -0.00192015 0.999539 -0.0460323 
-0.494908 0.868768 0.0175465 -3.65808 -0.868445 -0.495207 0.023944 22.7236 0.0294909 -0.00338808 0.999559 -0.0589299 
-0.499668 0.866057 0.0166605 -3.90375 -0.865743 -0.499938 0.0234702 22.313 0.0286557 -0.00269643 0.999586 -0.0616742 
-0.499828 0.865995 0.0149662 -4.11451 -0.865645 -0.500052 0.0246228 22.0083 0.0288071 -0.000648201 0.999585 -0.0556738 
-0.501701 0.864877 0.0168293 -4.33381 -0.864564 -0.501976 0.0234431 21.6252 0.0287233 -0.00278853 0.999584 -0.0626233 
-0.502684 0.864328 0.0156656 -4.58942 -0.864074 -0.50292 0.021154 21.2194 0.0261626 -0.00290247 0.999653 -0.0529302 
-0.503819 0.863678 0.0150416 -4.92453 -0.863403 -0.504039 0.0219013 20.7087 0.0264972 -0.00195268 0.999647 -0.0550925 
